
t0 =

   5.6920e+04


t0d =

   4.1386e+04


t1 =

     5


t1d =

    39


t2 =

   9.9895e+21


t2d =

   2.1516e+22


t3 =

  -2.1691e+05


t3d =

  -1.2793e+05


t4 =

    1.2617


t4d =

    2.8824

